Residue	Average Propensity	Standard Deviation
2	0.5218	0.0241
3	0.8205	0.0235
4	0.8544	0.0237
5	0.8749	0.0192
6	0.8566	0.0203
7	0.8596	0.0204
8	0.8618	0.0199
9	0.9352	0.0129
10	0.9290	0.0129
11	0.9315	0.0137
12	0.9651	0.0101
13	0.9725	0.0090
14	0.9777	0.0074
15	0.9887	0.0054
16	0.9917	0.0044
17	0.8952	0.0160
18	0.8550	0.0180
19	0.7960	0.0202
20	0.2634	0.0330
21	0.1281	0.0286
22	0.0546	0.0144
23	0.1087	0.0111
24	0.0909	0.0104
25	0.2512	0.0208
26	0.4965	0.0321
27	0.6444	0.0348
28	0.7659	0.0334
29	0.8570	0.0222
30	0.8603	0.0218
31	0.8621	0.0216
32	0.8633	0.0215
33	0.8589	0.0210
34	0.6953	0.0315
35	0.6943	0.0321
36	0.6973	0.0324
37	0.7269	0.0296
38	0.7242	0.0294
39	0.7207	0.0297
40	0.8118	0.0250
41	0.8596	0.0205
42	0.8719	0.0194
43	0.9215	0.0150
44	0.9465	0.0142
45	0.9769	0.0101
46	0.9794	0.0096
47	0.9837	0.0077
48	0.9845	0.0071
49	0.9667	0.0096
50	0.9530	0.0107
51	0.8764	0.0179
52	0.7861	0.0263
53	0.7601	0.0293
54	0.8140	0.0243
55	0.8547	0.0201
56	0.8597	0.0192
57	0.8757	0.0185
58	0.9032	0.0153
59	0.9109	0.0150
60	0.9129	0.0147
61	0.9157	0.0144
62	0.9226	0.0136
63	0.8949	0.0162
64	0.8874	0.0168
65	0.8973	0.0154
66	0.8587	0.0198
67	0.8517	0.0206
68	0.8589	0.0198
69	0.8384	0.0221
70	0.8132	0.0260
71	0.8054	0.0260
72	0.7425	0.0275
73	0.5037	0.0363
74	0.4339	0.0393
75	0.4280	0.0390
76	0.4187	0.0385
77	0.4122	0.0385
78	0.4280	0.0363
79	0.3866	0.0344
80	0.3653	0.0378
81	0.3614	0.0388
82	0.3608	0.0383
83	0.4312	0.0356
84	0.4680	0.0315
85	0.5092	0.0299
86	0.5228	0.0295
87	0.5045	0.0300
88	0.6653	0.0281
89	0.6510	0.0307
90	0.6178	0.0309
91	0.3500	0.0320
92	0.2804	0.0344
93	0.2912	0.0353
94	0.6030	0.0313
95	0.6821	0.0291
96	0.7171	0.0297
97	0.7929	0.0299
98	0.8109	0.0304
99	0.8538	0.0208
100	0.8972	0.0159
101	0.9383	0.0108
102	0.9626	0.0088
103	0.9689	0.0080
104	0.9726	0.0077
105	0.9731	0.0074
106	0.9477	0.0085
107	0.9305	0.0101
108	0.8604	0.0161
109	0.7626	0.0244
110	0.7261	0.0311
111	0.7744	0.0286
112	0.8867	0.0198
113	0.9186	0.0165
114	0.9522	0.0138
115	0.9645	0.0095
116	0.9859	0.0063
117	0.9867	0.0062
118	0.9876	0.0061
119	0.9876	0.0061
120	0.9876	0.0061
121	0.9869	0.0061
122	0.9840	0.0061
123	0.9619	0.0072
124	0.9592	0.0074
125	0.9549	0.0081
126	0.9544	0.0083
127	0.9419	0.0091
128	0.9121	0.0136
129	0.8592	0.0161
130	0.6050	0.0306
131	0.5536	0.0334
132	0.5389	0.0333
133	0.5365	0.0334
134	0.5404	0.0315
135	0.5523	0.0309
136	0.5470	0.0318
137	0.5566	0.0308
138	0.6319	0.0272
139	0.6431	0.0286
140	0.6525	0.0284
141	0.6753	0.0285
142	0.6969	0.0280
143	0.6943	0.0283
144	0.6677	0.0293
145	0.7440	0.0261
146	0.8258	0.0237
147	0.8180	0.0259
148	0.8323	0.0266
149	0.8566	0.0222
150	0.8597	0.0227
151	0.8880	0.0214
152	0.9219	0.0179
153	0.9171	0.0189
154	0.8250	0.0264
155	0.7320	0.0320
156	0.7289	0.0311
157	0.7234	0.0314
158	0.7114	0.0325
159	0.7297	0.0324
160	0.7319	0.0326
161	0.8617	0.0232
162	0.9400	0.0118
163	0.9459	0.0114
164	0.9656	0.0077
165	0.9941	0.0027
166	0.9938	0.0020
167	0.9877	0.0035
168	0.9846	0.0038
169	0.8949	0.0221
170	0.8742	0.0328
171	0.8684	0.0339
172	0.8602	0.0341
173	0.8611	0.0370
174	0.8804	0.0182
175	0.8100	0.0267
176	0.6197	0.0367
177	0.6168	0.0369
178	0.6277	0.0376
179	0.6567	0.0368
180	0.6569	0.0363
181	0.6598	0.0324
182	0.7167	0.0278
183	0.7086	0.0277
184	0.7389	0.0233
185	0.7307	0.0232
186	0.7234	0.0227
187	0.7357	0.0221
188	0.7687	0.0203
189	0.7271	0.0225
190	0.6537	0.0263
191	0.6603	0.0261
192	0.6904	0.0250
193	0.7716	0.0234
194	0.8087	0.0194
195	0.8503	0.0173
196	0.8461	0.0173
197	0.8191	0.0176
198	0.5263	0.0323
199	0.4951	0.0337
200	0.4560	0.0345
201	0.4469	0.0368
202	0.4726	0.0355
203	0.7604	0.0229
204	0.7875	0.0220
205	0.7934	0.0220
206	0.9183	0.0152
207	0.9232	0.0155
208	0.9244	0.0152
209	0.9191	0.0151
210	0.9181	0.0147
211	0.8873	0.0152
212	0.8860	0.0154
213	0.8884	0.0156
214	0.8882	0.0156
215	0.8797	0.0176
216	0.8007	0.0225
217	0.7004	0.0201
218	0.6046	0.0210
219	0.4792	0.0263
220	0.3344	0.0215
221	0.3229	0.0213
222	0.2823	0.0178
223	0.1465	0.0153
224	0.1008	0.0140
225	0.1334	0.0152
226	0.1124	0.0139
227	0.0826	0.0117
228	0.1193	0.0130
229	0.1705	0.0162
230	0.1005	0.0169
231	0.0953	0.0169
232	0.0711	0.0153
233	0.0526	0.0057
234	0.2053	0.0156
235	0.3148	0.0188
236	0.4430	0.0257
237	0.5192	0.0308
238	0.5267	0.0313
239	0.4718	0.0311
240	0.5109	0.0319
241	0.5071	0.0389
242	0.5507	0.0423
243	0.6484	0.0339
244	0.7278	0.0331
245	0.7557	0.0315
246	0.8343	0.0250
247	0.9124	0.0156
248	0.9208	0.0149
249	0.9441	0.0096
250	0.9616	0.0070
251	0.9767	0.0051
252	0.9933	0.0020
253	0.9973	0.0013
254	0.9982	0.0011
255	0.9986	0.0010
256	0.9986	0.0010
257	0.9986	0.0010
258	0.9997	0.0002
259	0.9995	0.0002
260	0.9995	0.0002
261	0.9991	0.0004
262	0.9849	0.0055
263	0.9735	0.0080
264	0.9466	0.0093
