Residue	Average Propensity	Standard Deviation
2	0.5764	0.0132
3	0.8928	0.0142
4	0.9267	0.0139
5	0.9699	0.0089
6	0.9325	0.0158
7	0.9346	0.0158
8	0.9363	0.0158
9	0.9560	0.0157
10	0.9567	0.0158
11	0.9565	0.0158
12	0.9641	0.0121
13	0.9982	0.0010
14	0.9987	0.0009
15	0.9990	0.0007
16	0.9985	0.0007
17	0.9644	0.0071
18	0.9357	0.0085
19	0.8834	0.0118
20	0.2137	0.0150
21	0.0736	0.0129
22	0.0487	0.0120
23	0.0816	0.0135
24	0.0798	0.0135
25	0.2421	0.0181
26	0.5612	0.0194
27	0.8445	0.0139
28	0.9419	0.0073
29	0.9753	0.0092
30	0.9814	0.0093
31	0.9849	0.0090
32	0.9852	0.0090
33	0.9846	0.0088
34	0.9484	0.0112
35	0.9485	0.0112
36	0.9491	0.0111
37	0.9548	0.0079
38	0.9527	0.0079
39	0.9498	0.0081
40	0.9540	0.0067
41	0.9476	0.0085
42	0.9504	0.0083
43	0.9632	0.0074
44	0.9724	0.0069
45	0.9966	0.0018
46	0.9970	0.0018
47	0.9971	0.0019
48	0.9957	0.0016
49	0.9797	0.0043
50	0.9050	0.0101
51	0.7261	0.0206
52	0.4336	0.0391
53	0.3767	0.0432
54	0.4106	0.0422
55	0.4890	0.0383
56	0.4905	0.0382
57	0.6005	0.0306
58	0.7103	0.0260
59	0.7256	0.0251
60	0.7577	0.0236
61	0.7866	0.0223
62	0.7822	0.0233
63	0.7526	0.0238
64	0.7447	0.0241
65	0.7988	0.0176
66	0.7164	0.0243
67	0.7077	0.0253
68	0.7470	0.0240
69	0.7322	0.0263
70	0.7074	0.0277
71	0.7087	0.0272
72	0.6681	0.0272
73	0.4847	0.0326
74	0.4082	0.0372
75	0.4090	0.0372
76	0.4048	0.0378
77	0.3952	0.0383
78	0.4246	0.0366
79	0.3957	0.0391
80	0.4089	0.0376
81	0.4113	0.0384
82	0.4053	0.0393
83	0.4589	0.0378
84	0.4921	0.0374
85	0.5257	0.0335
86	0.5842	0.0302
87	0.5819	0.0301
88	0.7346	0.0207
89	0.6926	0.0200
90	0.6129	0.0256
91	0.3447	0.0294
92	0.2883	0.0289
93	0.2830	0.0301
94	0.6150	0.0316
95	0.7318	0.0306
96	0.7559	0.0315
97	0.8305	0.0329
98	0.8579	0.0326
99	0.9183	0.0099
100	0.9478	0.0077
101	0.9604	0.0062
102	0.9676	0.0052
103	0.9677	0.0049
104	0.9789	0.0040
105	0.9747	0.0048
106	0.9216	0.0095
107	0.8997	0.0117
108	0.7993	0.0186
109	0.5746	0.0312
110	0.4646	0.0337
111	0.5488	0.0297
112	0.7152	0.0235
113	0.8089	0.0248
114	0.8973	0.0198
115	0.9508	0.0129
116	0.9896	0.0037
117	0.9915	0.0037
118	0.9923	0.0034
119	0.9922	0.0033
120	0.9922	0.0033
121	0.9917	0.0034
122	0.9897	0.0037
123	0.9633	0.0071
124	0.9611	0.0073
125	0.9503	0.0073
126	0.9464	0.0079
127	0.9150	0.0094
128	0.8610	0.0137
129	0.8096	0.0181
130	0.3563	0.0427
131	0.2500	0.0493
132	0.2335	0.0502
133	0.2267	0.0507
134	0.2339	0.0511
135	0.3010	0.0454
136	0.3278	0.0450
137	0.3743	0.0421
138	0.5678	0.0346
139	0.5939	0.0334
140	0.6127	0.0323
141	0.6453	0.0299
142	0.7190	0.0256
143	0.7306	0.0241
144	0.7150	0.0241
145	0.7951	0.0191
146	0.8561	0.0145
147	0.8661	0.0142
148	0.8679	0.0147
149	0.8638	0.0149
150	0.8610	0.0153
151	0.8773	0.0138
152	0.8785	0.0135
153	0.8579	0.0142
