Residue	Average Propensity	Standard Deviation
2	0.0829	0.0050
3	0.1816	0.0083
4	0.1885	0.0087
5	0.4876	0.0156
6	0.9443	0.0057
7	0.9587	0.0053
8	0.9790	0.0043
9	0.9959	0.0009
10	0.9981	0.0007
11	0.9982	0.0007
12	0.9977	0.0008
13	0.9872	0.0020
14	0.9822	0.0025
15	0.9790	0.0027
16	0.9756	0.0028
17	0.9599	0.0031
18	0.8239	0.0094
19	0.7187	0.0136
20	0.5880	0.0182
21	0.5802	0.0186
22	0.5775	0.0189
23	0.5848	0.0190
24	0.5735	0.0190
25	0.5666	0.0180
26	0.7745	0.0129
27	0.7835	0.0132
28	0.7891	0.0130
29	0.7938	0.0130
30	0.7956	0.0128
31	0.7612	0.0108
32	0.7771	0.0097
33	0.7701	0.0088
34	0.4624	0.0181
35	0.4671	0.0181
36	0.4876	0.0182
37	0.5562	0.0197
38	0.5860	0.0196
39	0.8973	0.0075
40	0.9064	0.0076
41	0.8925	0.0077
42	0.5405	0.0182
43	0.5264	0.0192
44	0.5200	0.0193
45	0.5268	0.0190
46	0.5430	0.0186
47	0.9002	0.0072
48	0.9119	0.0063
49	0.9179	0.0062
50	0.9731	0.0033
51	0.9790	0.0030
52	0.9803	0.0029
53	0.9808	0.0029
54	0.9821	0.0026
55	0.9160	0.0086
56	0.9118	0.0088
57	0.9114	0.0088
58	0.9116	0.0087
59	0.9078	0.0088
60	0.8302	0.0099
61	0.7104	0.0091
62	0.6094	0.0102
63	0.5058	0.0115
64	0.3599	0.0098
65	0.3657	0.0095
66	0.3270	0.0080
67	0.1320	0.0080
68	0.0783	0.0077
69	0.1175	0.0086
70	0.0779	0.0059
71	0.0496	0.0044
72	0.0825	0.0050
73	0.1784	0.0072
74	0.0729	0.0045
75	0.0700	0.0048
76	0.0424	0.0040
77	0.0338	0.0020
78	0.1799	0.0075
79	0.3491	0.0090
80	0.5073	0.0144
81	0.5569	0.0153
82	0.5757	0.0150
83	0.4945	0.0144
84	0.5197	0.0131
85	0.4730	0.0146
86	0.4864	0.0165
87	0.5052	0.0164
88	0.5141	0.0162
89	0.5647	0.0159
90	0.6756	0.0143
91	0.8268	0.0092
92	0.8393	0.0089
93	0.8578	0.0082
94	0.9491	0.0041
95	0.9725	0.0030
96	0.9923	0.0013
97	0.9955	0.0011
98	0.9975	0.0007
99	0.9980	0.0007
100	0.9978	0.0009
101	0.9983	0.0008
102	0.9875	0.0034
103	0.9871	0.0035
104	0.9870	0.0035
105	0.9863	0.0035
106	0.9677	0.0044
107	0.9610	0.0048
108	0.9407	0.0053
